{
 "cells": [
  {
   "cell_type": "code",
   "execution_count": 1,
   "metadata": {},
   "outputs": [
    {
     "name": "stdout",
     "output_type": "stream",
     "text": [
      "[[1, 2], [3, 4]]\n",
      "[[1, 3], [2, 4]]\n",
      "[[1, 2, 3, 4, 5], [6, 7, 8, 9, 10], [11, 12, 13, 14, 15], [16, 17, 18, 19, 20], [21, 22, 23, 24, 25], [26, 27, 28, 29, 30]]\n",
      "[[1, 6, 11, 16, 21, 26], [2, 7, 12, 17, 22, 27], [3, 8, 13, 18, 23, 28], [4, 9, 14, 19, 24, 29], [5, 10, 15, 20, 25, 30]]\n"
     ]
    }
   ],
   "source": [
    "#!/usr/bin/env python3\n",
    "\n",
    "matrix_transpose = __import__('3-flip_me_over').matrix_transpose\n",
    "\n",
    "mat1 = [[1, 2], [3, 4]]\n",
    "print(mat1)\n",
    "print(matrix_transpose(mat1))\n",
    "mat2 = [[1, 2, 3, 4, 5], [6, 7, 8, 9, 10], [11, 12, 13, 14, 15],\n",
    "        [16, 17, 18, 19, 20], [21, 22, 23, 24, 25], [26, 27, 28, 29, 30]]\n",
    "print(mat2)\n",
    "print(matrix_transpose(mat2))"
   ]
  }
 ],
 "metadata": {
  "kernelspec": {
   "display_name": "Python 3",
   "language": "python",
   "name": "python3"
  },
  "language_info": {
   "codemirror_mode": {
    "name": "ipython",
    "version": 3
   },
   "file_extension": ".py",
   "mimetype": "text/x-python",
   "name": "python",
   "nbconvert_exporter": "python",
   "pygments_lexer": "ipython3",
   "version": "3.10.12"
  }
 },
 "nbformat": 4,
 "nbformat_minor": 2
}
